res_name,prediction
1mv8C_C_MET_1,0
1mv8C_C_ARG_2,0
1mv8C_C_ILE_3,0
1mv8C_C_SER_4,0
1mv8C_C_ILE_5,1
1mv8C_C_PHE_6,0
1mv8C_C_GLY_7,1
1mv8C_C_LEU_8,0
1mv8C_C_GLY_9,1
1mv8C_C_TYR_10,1
1mv8C_C_VAL_11,1
1mv8C_C_GLY_12,0
1mv8C_C_ALA_13,0
1mv8C_C_VAL_14,0
1mv8C_C_CYS_15,0
1mv8C_C_ALA_16,0
1mv8C_C_GLY_17,0
1mv8C_C_CYS_18,0
1mv8C_C_LEU_19,0
1mv8C_C_SER_20,0
1mv8C_C_ALA_21,0
1mv8C_C_ARG_22,0
1mv8C_C_GLY_23,0
1mv8C_C_HIS_24,0
1mv8C_C_GLU_25,0
1mv8C_C_VAL_26,0
1mv8C_C_ILE_27,0
1mv8C_C_GLY_28,0
1mv8C_C_VAL_29,0
1mv8C_C_ASP_30,1
1mv8C_C_VAL_31,1
1mv8C_C_SER_32,0
1mv8C_C_SER_33,0
1mv8C_C_THR_34,0
1mv8C_C_LYS_35,0
1mv8C_C_ILE_36,0
1mv8C_C_ASP_37,0
1mv8C_C_LEU_38,0
1mv8C_C_ILE_39,0
1mv8C_C_ASN_40,0
1mv8C_C_GLN_41,0
1mv8C_C_GLY_42,0
1mv8C_C_LYS_43,0
1mv8C_C_SER_44,0
1mv8C_C_PRO_45,0
1mv8C_C_ILE_46,0
1mv8C_C_VAL_47,0
1mv8C_C_GLU_48,0
1mv8C_C_PRO_49,0
1mv8C_C_GLY_50,0
1mv8C_C_LEU_51,0
1mv8C_C_GLU_52,0
1mv8C_C_ALA_53,0
1mv8C_C_LEU_54,0
1mv8C_C_LEU_55,0
1mv8C_C_GLN_56,0
1mv8C_C_GLN_57,0
1mv8C_C_GLY_58,0
1mv8C_C_ARG_59,0
1mv8C_C_GLN_60,0
1mv8C_C_THR_61,0
1mv8C_C_GLY_62,0
1mv8C_C_ARG_63,0
1mv8C_C_LEU_64,0
1mv8C_C_SER_65,0
1mv8C_C_GLY_66,0
1mv8C_C_THR_67,0
1mv8C_C_THR_68,0
1mv8C_C_ASP_69,0
1mv8C_C_PHE_70,0
1mv8C_C_LYS_71,0
1mv8C_C_LYS_72,0
1mv8C_C_ALA_73,0
1mv8C_C_VAL_74,0
1mv8C_C_LEU_75,0
1mv8C_C_ASP_76,0
1mv8C_C_SER_77,0
1mv8C_C_ASP_78,0
1mv8C_C_VAL_79,0
1mv8C_C_SER_80,0
1mv8C_C_PHE_81,0
1mv8C_C_ILE_82,1
1mv8C_C_CYS_83,1
1mv8C_C_VAL_84,1
1mv8C_C_GLY_85,0
1mv8C_C_THR_86,0
1mv8C_C_PRO_87,0
1mv8C_C_SER_88,0
1mv8C_C_LYS_89,0
1mv8C_C_LYS_90,0
1mv8C_C_ASN_91,0
1mv8C_C_GLY_92,0
1mv8C_C_ASP_93,0
1mv8C_C_LEU_94,0
1mv8C_C_ASP_95,0
1mv8C_C_LEU_96,0
1mv8C_C_GLY_97,0
1mv8C_C_TYR_98,0
1mv8C_C_ILE_99,0
1mv8C_C_GLU_100,0
1mv8C_C_THR_101,0
1mv8C_C_VAL_102,0
1mv8C_C_CYS_103,0
1mv8C_C_ARG_104,0
1mv8C_C_GLU_105,1
1mv8C_C_ILE_106,0
1mv8C_C_GLY_107,0
1mv8C_C_PHE_108,0
1mv8C_C_ALA_109,0
1mv8C_C_ILE_110,0
1mv8C_C_ARG_111,0
1mv8C_C_GLU_112,0
1mv8C_C_LYS_113,0
1mv8C_C_SER_114,0
1mv8C_C_GLU_115,0
1mv8C_C_ARG_116,0
1mv8C_C_HIS_117,0
1mv8C_C_THR_118,0
1mv8C_C_VAL_119,0
1mv8C_C_VAL_120,0
1mv8C_C_VAL_121,0
1mv8C_C_ARG_122,0
1mv8C_C_SER_123,0
1mv8C_C_THR_124,1
1mv8C_C_VAL_125,0
1mv8C_C_LEU_126,0
1mv8C_C_PRO_127,0
1mv8C_C_GLY_128,0
1mv8C_C_THR_129,0
1mv8C_C_VAL_130,0
1mv8C_C_ASN_131,0
1mv8C_C_ASN_132,0
1mv8C_C_VAL_133,0
1mv8C_C_VAL_134,0
1mv8C_C_ILE_135,0
1mv8C_C_PRO_136,0
1mv8C_C_LEU_137,0
1mv8C_C_ILE_138,0
1mv8C_C_GLU_139,0
1mv8C_C_ASP_140,0
1mv8C_C_CYS_141,0
1mv8C_C_SER_142,0
1mv8C_C_GLY_143,0
1mv8C_C_LYS_144,0
1mv8C_C_LYS_145,0
1mv8C_C_ALA_146,0
1mv8C_C_GLY_147,0
1mv8C_C_VAL_148,0
1mv8C_C_ASP_149,0
1mv8C_C_PHE_150,0
1mv8C_C_GLY_151,0
1mv8C_C_VAL_152,0
1mv8C_C_GLY_153,0
1mv8C_C_THR_154,0
1mv8C_C_ASN_155,0
1mv8C_C_PRO_156,0
1mv8C_C_GLU_157,1
1mv8C_C_PHE_158,0
1mv8C_C_LEU_159,0
1mv8C_C_ARG_160,1
1mv8C_C_GLU_161,0
1mv8C_C_SER_162,0
1mv8C_C_THR_163,0
1mv8C_C_ALA_164,0
1mv8C_C_ILE_165,0
1mv8C_C_LYS_166,0
1mv8C_C_ASP_167,0
1mv8C_C_TYR_168,0
1mv8C_C_ASP_169,0
1mv8C_C_PHE_170,0
1mv8C_C_PRO_171,0
1mv8C_C_PRO_172,0
1mv8C_C_MET_173,0
1mv8C_C_THR_174,0
1mv8C_C_VAL_175,0
1mv8C_C_ILE_176,0
1mv8C_C_GLY_177,0
1mv8C_C_GLU_178,0
1mv8C_C_LEU_179,0
1mv8C_C_ASP_180,0
1mv8C_C_LYS_181,0
1mv8C_C_GLN_182,0
1mv8C_C_THR_183,0
1mv8C_C_GLY_184,0
1mv8C_C_ASP_185,0
1mv8C_C_LEU_186,0
1mv8C_C_LEU_187,0
1mv8C_C_GLU_188,0
1mv8C_C_GLU_189,0
1mv8C_C_ILE_190,0
1mv8C_C_TYR_191,0
1mv8C_C_ARG_192,0
1mv8C_C_GLU_193,0
1mv8C_C_LEU_194,0
1mv8C_C_ASP_195,0
1mv8C_C_ALA_196,0
1mv8C_C_PRO_197,0
1mv8C_C_ILE_198,0
1mv8C_C_ILE_199,0
1mv8C_C_ARG_200,0
1mv8C_C_LYS_201,0
1mv8C_C_THR_202,0
1mv8C_C_VAL_203,0
1mv8C_C_GLU_204,0
1mv8C_C_VAL_205,0
1mv8C_C_ALA_206,0
1mv8C_C_GLU_207,0
1mv8C_C_MET_208,0
1mv8C_C_ILE_209,0
1mv8C_C_LYS_210,0
1mv8C_C_TYR_211,0
1mv8C_C_THR_212,0
1mv8C_C_CYS_213,0
1mv8C_C_ASN_214,0
1mv8C_C_VAL_215,0
1mv8C_C_TRP_216,0
1mv8C_C_HIS_217,0
1mv8C_C_ALA_218,0
1mv8C_C_ALA_219,0
1mv8C_C_LYS_220,0
1mv8C_C_VAL_221,0
1mv8C_C_THR_222,0
1mv8C_C_PHE_223,0
1mv8C_C_ALA_224,0
1mv8C_C_ASN_225,0
1mv8C_C_GLU_226,0
1mv8C_C_ILE_227,0
1mv8C_C_GLY_228,0
1mv8C_C_ASN_229,0
1mv8C_C_ILE_230,0
1mv8C_C_ALA_231,0
1mv8C_C_LYS_232,0
1mv8C_C_ALA_233,0
1mv8C_C_VAL_234,0
1mv8C_C_GLY_235,0
1mv8C_C_VAL_236,0
1mv8C_C_ASP_237,0
1mv8C_C_GLY_238,0
1mv8C_C_ARG_239,0
1mv8C_C_GLU_240,0
1mv8C_C_VAL_241,0
1mv8C_C_MET_242,0
1mv8C_C_ASP_243,0
1mv8C_C_VAL_244,0
1mv8C_C_ILE_245,0
1mv8C_C_CYS_246,0
1mv8C_C_GLN_247,0
1mv8C_C_ASP_248,0
1mv8C_C_HIS_249,0
1mv8C_C_LYS_250,0
1mv8C_C_LEU_251,0
1mv8C_C_ASN_252,0
1mv8C_C_LEU_253,0
1mv8C_C_SER_254,0
1mv8C_C_ARG_255,0
1mv8C_C_TYR_256,0
1mv8C_C_TYR_257,1
1mv8C_C_MET_258,0
1mv8C_C_ARG_259,0
1mv8C_C_PRO_260,0
1mv8C_C_GLY_261,0
1mv8C_C_PHE_262,0
1mv8C_C_ALA_263,0
1mv8C_C_PHE_264,0
1mv8C_C_GLY_265,0
1mv8C_C_GLY_266,0
1mv8C_C_SER_267,0
1mv8C_C_CYS_268,0
1mv8C_C_LEU_269,0
1mv8C_C_PRO_270,0
1mv8C_C_LYS_271,0
1mv8C_C_ASP_272,0
1mv8C_C_VAL_273,0
1mv8C_C_ARG_274,0
1mv8C_C_ALA_275,0
1mv8C_C_LEU_276,0
1mv8C_C_THR_277,0
1mv8C_C_TYR_278,0
1mv8C_C_ARG_279,0
1mv8C_C_ALA_280,0
1mv8C_C_SER_281,0
1mv8C_C_GLN_282,0
1mv8C_C_LEU_283,0
1mv8C_C_ASP_284,0
1mv8C_C_VAL_285,0
1mv8C_C_GLU_286,0
1mv8C_C_HIS_287,0
1mv8C_C_PRO_288,0
1mv8C_C_MET_289,0
1mv8C_C_LEU_290,0
1mv8C_C_GLY_291,0
1mv8C_C_SER_292,0
1mv8C_C_LEU_293,0
1mv8C_C_MET_294,0
1mv8C_C_ARG_295,0
1mv8C_C_SER_296,0
1mv8C_C_ASN_297,0
1mv8C_C_SER_298,0
1mv8C_C_ASN_299,0
1mv8C_C_GLN_300,0
1mv8C_C_VAL_301,0
1mv8C_C_GLN_302,0
1mv8C_C_LYS_303,0
1mv8C_C_ALA_304,0
1mv8C_C_PHE_305,0
1mv8C_C_ASP_306,0
1mv8C_C_LEU_307,0
1mv8C_C_ILE_308,0
1mv8C_C_THR_309,0
1mv8C_C_SER_310,0
1mv8C_C_HIS_311,0
1mv8C_C_ASP_312,0
1mv8C_C_THR_313,0
1mv8C_C_ARG_314,0
1mv8C_C_LYS_315,0
1mv8C_C_VAL_316,0
1mv8C_C_GLY_317,0
1mv8C_C_LEU_318,0
1mv8C_C_LEU_319,0
1mv8C_C_GLY_320,0
1mv8C_C_LEU_321,0
1mv8C_C_SER_322,0
1mv8C_C_PHE_323,1
1mv8C_C_LYS_324,0
1mv8C_C_ALA_325,0
1mv8C_C_GLY_326,0
1mv8C_C_THR_327,0
1mv8C_C_ASP_328,0
1mv8C_C_ASP_329,0
1mv8C_C_LEU_330,0
1mv8C_C_ARG_331,0
1mv8C_C_GLU_332,0
1mv8C_C_SER_333,0
1mv8C_C_PRO_334,0
1mv8C_C_LEU_335,0
1mv8C_C_VAL_336,0
1mv8C_C_GLU_337,0
1mv8C_C_LEU_338,0
1mv8C_C_ALA_339,0
1mv8C_C_GLU_340,0
1mv8C_C_MET_341,0
1mv8C_C_LEU_342,0
1mv8C_C_ILE_343,0
1mv8C_C_GLY_344,0
1mv8C_C_LYS_345,0
1mv8C_C_GLY_346,0
1mv8C_C_TYR_347,0
1mv8C_C_GLU_348,0
1mv8C_C_LEU_349,0
1mv8C_C_ARG_350,0
1mv8C_C_ILE_351,0
1mv8C_C_PHE_352,0
1mv8C_C_ASP_353,0
1mv8C_C_ARG_354,0
1mv8C_C_ASN_355,0
1mv8C_C_VAL_356,0
1mv8C_C_GLU_357,0
1mv8C_C_TYR_358,0
1mv8C_C_ALA_359,0
1mv8C_C_ARG_360,0
1mv8C_C_VAL_361,0
1mv8C_C_HIS_362,0
1mv8C_C_GLY_363,0
1mv8C_C_ALA_364,0
1mv8C_C_ASN_365,0
1mv8C_C_LYS_366,0
1mv8C_C_GLU_367,0
1mv8C_C_TYR_368,0
1mv8C_C_ILE_369,0
1mv8C_C_GLU_370,0
1mv8C_C_SER_371,0
1mv8C_C_LYS_372,0
1mv8C_C_ILE_373,0
1mv8C_C_PRO_374,0
1mv8C_C_HIS_375,0
1mv8C_C_VAL_376,0
1mv8C_C_SER_377,0
1mv8C_C_SER_378,0
1mv8C_C_LEU_379,0
1mv8C_C_LEU_380,0
1mv8C_C_VAL_381,0
1mv8C_C_SER_382,0
1mv8C_C_ASP_383,0
1mv8C_C_LEU_384,0
1mv8C_C_ASP_385,0
1mv8C_C_GLU_386,0
1mv8C_C_VAL_387,0
1mv8C_C_VAL_388,0
1mv8C_C_ALA_389,0
1mv8C_C_SER_390,0
1mv8C_C_SER_391,0
1mv8C_C_ASP_392,0
1mv8C_C_VAL_393,0
1mv8C_C_LEU_394,0
1mv8C_C_VAL_395,0
1mv8C_C_LEU_396,0
1mv8C_C_GLY_397,0
1mv8C_C_ASN_398,0
1mv8C_C_GLY_399,0
1mv8C_C_ASP_400,0
1mv8C_C_GLU_401,0
1mv8C_C_LEU_402,0
1mv8C_C_PHE_403,0
1mv8C_C_VAL_404,0
1mv8C_C_ASP_405,0
1mv8C_C_LEU_406,0
1mv8C_C_VAL_407,0
1mv8C_C_ASN_408,0
1mv8C_C_LYS_409,0
1mv8C_C_THR_410,0
1mv8C_C_PRO_411,0
1mv8C_C_SER_412,1
1mv8C_C_GLY_413,0
1mv8C_C_LYS_414,0
1mv8C_C_LYS_415,0
1mv8C_C_LEU_416,0
1mv8C_C_VAL_417,0
1mv8C_C_ASP_418,0
1mv8C_C_LEU_419,0
1mv8C_C_VAL_420,0
1mv8C_C_GLY_421,0
1mv8C_C_PHE_422,0
1mv8C_C_MET_423,0
1mv8C_C_PRO_424,0
1mv8C_C_HIS_425,0
1mv8C_C_THR_426,0
1mv8C_C_THR_427,0
1mv8C_C_THR_428,0
1mv8C_C_ALA_429,0
1mv8C_C_GLN_430,0
1mv8C_C_ALA_431,0
1mv8C_C_GLU_432,0
1mv8C_C_GLY_433,0
1mv8C_C_ILE_434,0
1mv8C_C_CYS_435,0
1mv8C_C_TRP_436,0
