res_name,prediction
3ntdB_B_MET_1,0
3ntdB_B_LYS_2,0
3ntdB_B_LYS_3,0
3ntdB_B_ILE_4,0
3ntdB_B_LEU_5,0
3ntdB_B_ILE_6,0
3ntdB_B_ILE_7,0
3ntdB_B_GLY_8,0
3ntdB_B_GLY_9,1
3ntdB_B_VAL_10,1
3ntdB_B_ALA_11,1
3ntdB_B_GLY_12,0
3ntdB_B_GLY_13,1
3ntdB_B_ALA_14,1
3ntdB_B_SER_15,1
3ntdB_B_ALA_16,0
3ntdB_B_ALA_17,0
3ntdB_B_ALA_18,1
3ntdB_B_ARG_19,1
3ntdB_B_ALA_20,0
3ntdB_B_ARG_21,0
3ntdB_B_ARG_22,1
3ntdB_B_LEU_23,0
3ntdB_B_SER_24,0
3ntdB_B_GLU_25,0
3ntdB_B_THR_26,0
3ntdB_B_ALA_27,0
3ntdB_B_GLU_28,0
3ntdB_B_ILE_29,0
3ntdB_B_ILE_30,0
3ntdB_B_MET_31,0
3ntdB_B_PHE_32,0
3ntdB_B_GLU_33,0
3ntdB_B_ARG_34,0
3ntdB_B_GLY_35,0
3ntdB_B_GLU_36,0
3ntdB_B_TYR_37,0
3ntdB_B_VAL_38,0
3ntdB_B_SER_39,1
3ntdB_B_PHE_40,1
3ntdB_B_ALA_41,0
3ntdB_B_ASN_42,1
3ntdB_B_CYS_43,1
3ntdB_B_GLY_44,0
3ntdB_B_LEU_45,0
3ntdB_B_PRO_46,0
3ntdB_B_TYR_47,0
3ntdB_B_HIS_48,0
3ntdB_B_ILE_49,0
3ntdB_B_SER_50,0
3ntdB_B_GLY_51,0
3ntdB_B_GLU_52,0
3ntdB_B_ILE_53,0
3ntdB_B_ALA_54,0
3ntdB_B_GLN_55,0
3ntdB_B_ARG_56,0
3ntdB_B_SER_57,0
3ntdB_B_ALA_58,0
3ntdB_B_LEU_59,0
3ntdB_B_VAL_60,0
3ntdB_B_LEU_61,1
3ntdB_B_GLN_62,1
3ntdB_B_THR_63,0
3ntdB_B_PRO_64,0
3ntdB_B_GLU_65,0
3ntdB_B_SER_66,0
3ntdB_B_PHE_67,0
3ntdB_B_LYS_68,0
3ntdB_B_ALA_69,0
3ntdB_B_ARG_70,0
3ntdB_B_PHE_71,0
3ntdB_B_ASN_72,0
3ntdB_B_VAL_73,0
3ntdB_B_GLU_74,0
3ntdB_B_VAL_75,0
3ntdB_B_ARG_76,0
3ntdB_B_VAL_77,0
3ntdB_B_LYS_78,0
3ntdB_B_HIS_79,0
3ntdB_B_GLU_80,1
3ntdB_B_VAL_81,0
3ntdB_B_VAL_82,0
3ntdB_B_ALA_83,0
3ntdB_B_ILE_84,0
3ntdB_B_ASP_85,0
3ntdB_B_ARG_86,0
3ntdB_B_ALA_87,0
3ntdB_B_ALA_88,0
3ntdB_B_LYS_89,0
3ntdB_B_LEU_90,0
3ntdB_B_VAL_91,0
3ntdB_B_THR_92,0
3ntdB_B_VAL_93,0
3ntdB_B_ARG_94,0
3ntdB_B_ARG_95,0
3ntdB_B_LEU_96,0
3ntdB_B_LEU_97,0
3ntdB_B_ASP_98,0
3ntdB_B_GLY_99,0
3ntdB_B_SER_100,0
3ntdB_B_GLU_101,0
3ntdB_B_TYR_102,0
3ntdB_B_GLN_103,0
3ntdB_B_GLU_104,0
3ntdB_B_SER_105,0
3ntdB_B_TYR_106,0
3ntdB_B_ASP_107,0
3ntdB_B_THR_108,0
3ntdB_B_LEU_109,0
3ntdB_B_LEU_110,0
3ntdB_B_LEU_111,0
3ntdB_B_SER_112,1
3ntdB_B_PRO_113,0
3ntdB_B_GLY_114,0
3ntdB_B_ALA_115,0
3ntdB_B_ALA_116,0
3ntdB_B_PRO_117,0
3ntdB_B_ILE_118,0
3ntdB_B_VAL_119,0
3ntdB_B_PRO_120,0
3ntdB_B_PRO_121,0
3ntdB_B_ILE_122,0
3ntdB_B_PRO_123,0
3ntdB_B_GLY_124,0
3ntdB_B_VAL_125,0
3ntdB_B_ASP_126,0
3ntdB_B_ASN_127,0
3ntdB_B_PRO_128,0
3ntdB_B_LEU_129,0
3ntdB_B_THR_130,0
3ntdB_B_HIS_131,0
3ntdB_B_SER_132,0
3ntdB_B_LEU_133,0
3ntdB_B_ARG_134,0
3ntdB_B_ASN_135,0
3ntdB_B_ILE_136,0
3ntdB_B_PRO_137,0
3ntdB_B_ASP_138,0
3ntdB_B_MET_139,0
3ntdB_B_ASP_140,0
3ntdB_B_ARG_141,0
3ntdB_B_ILE_142,0
3ntdB_B_LEU_143,0
3ntdB_B_GLN_144,0
3ntdB_B_THR_145,0
3ntdB_B_ILE_146,0
3ntdB_B_GLN_147,0
3ntdB_B_MET_148,0
3ntdB_B_ASN_149,0
3ntdB_B_ASN_150,0
3ntdB_B_VAL_151,0
3ntdB_B_GLU_152,0
3ntdB_B_HIS_153,0
3ntdB_B_ALA_154,0
3ntdB_B_THR_155,0
3ntdB_B_VAL_156,0
3ntdB_B_VAL_157,0
3ntdB_B_GLY_158,1
3ntdB_B_GLY_159,0
3ntdB_B_GLY_160,0
3ntdB_B_PHE_161,0
3ntdB_B_ILE_162,1
3ntdB_B_GLY_163,0
3ntdB_B_LEU_164,0
3ntdB_B_GLU_165,0
3ntdB_B_MET_166,0
3ntdB_B_MET_167,0
3ntdB_B_GLU_168,0
3ntdB_B_SER_169,0
3ntdB_B_LEU_170,0
3ntdB_B_HIS_171,0
3ntdB_B_HIS_172,0
3ntdB_B_LEU_173,0
3ntdB_B_GLY_174,0
3ntdB_B_ILE_175,0
3ntdB_B_LYS_176,0
3ntdB_B_THR_177,0
3ntdB_B_THR_178,0
3ntdB_B_LEU_179,0
3ntdB_B_LEU_180,0
3ntdB_B_GLU_181,0
3ntdB_B_LEU_182,0
3ntdB_B_ALA_183,0
3ntdB_B_ASP_184,0
3ntdB_B_GLN_185,0
3ntdB_B_VAL_186,0
3ntdB_B_MET_187,0
3ntdB_B_THR_188,0
3ntdB_B_PRO_189,0
3ntdB_B_VAL_190,0
3ntdB_B_ASP_191,0
3ntdB_B_ARG_192,0
3ntdB_B_GLU_193,0
3ntdB_B_MET_194,0
3ntdB_B_ALA_195,0
3ntdB_B_GLY_196,0
3ntdB_B_PHE_197,0
3ntdB_B_ALA_198,0
3ntdB_B_HIS_199,0
3ntdB_B_GLN_200,0
3ntdB_B_ALA_201,0
3ntdB_B_ILE_202,0
3ntdB_B_ARG_203,0
3ntdB_B_ASP_204,0
3ntdB_B_GLN_205,0
3ntdB_B_GLY_206,0
3ntdB_B_VAL_207,0
3ntdB_B_ASP_208,0
3ntdB_B_LEU_209,0
3ntdB_B_ARG_210,0
3ntdB_B_LEU_211,0
3ntdB_B_GLY_212,0
3ntdB_B_THR_213,0
3ntdB_B_ALA_214,0
3ntdB_B_LEU_215,0
3ntdB_B_SER_216,0
3ntdB_B_GLU_217,0
3ntdB_B_VAL_218,0
3ntdB_B_SER_219,0
3ntdB_B_TYR_220,0
3ntdB_B_GLN_221,0
3ntdB_B_VAL_222,0
3ntdB_B_GLN_223,0
3ntdB_B_THR_224,0
3ntdB_B_HIS_225,0
3ntdB_B_VAL_226,0
3ntdB_B_ALA_227,0
3ntdB_B_SER_228,0
3ntdB_B_ASP_229,0
3ntdB_B_ALA_230,0
3ntdB_B_ALA_231,0
3ntdB_B_GLY_232,0
3ntdB_B_GLU_233,0
3ntdB_B_ASP_234,0
3ntdB_B_THR_235,0
3ntdB_B_ALA_236,0
3ntdB_B_HIS_237,0
3ntdB_B_GLN_238,0
3ntdB_B_HIS_239,0
3ntdB_B_ILE_240,0
3ntdB_B_LYS_241,0
3ntdB_B_GLY_242,0
3ntdB_B_HIS_243,0
3ntdB_B_LEU_244,0
3ntdB_B_SER_245,0
3ntdB_B_LEU_246,0
3ntdB_B_THR_247,0
3ntdB_B_LEU_248,0
3ntdB_B_SER_249,0
3ntdB_B_ASN_250,0
3ntdB_B_GLY_251,0
3ntdB_B_GLU_252,0
3ntdB_B_LEU_253,0
3ntdB_B_LEU_254,0
3ntdB_B_GLU_255,0
3ntdB_B_THR_256,0
3ntdB_B_ASP_257,0
3ntdB_B_LEU_258,0
3ntdB_B_LEU_259,0
3ntdB_B_ILE_260,0
3ntdB_B_MET_261,0
3ntdB_B_ALA_262,0
3ntdB_B_ILE_263,0
3ntdB_B_GLY_264,0
3ntdB_B_VAL_265,0
3ntdB_B_ARG_266,0
3ntdB_B_PRO_267,0
3ntdB_B_GLU_268,0
3ntdB_B_THR_269,0
3ntdB_B_GLN_270,0
3ntdB_B_LEU_271,0
3ntdB_B_ALA_272,0
3ntdB_B_ARG_273,0
3ntdB_B_ASP_274,0
3ntdB_B_ALA_275,0
3ntdB_B_GLY_276,0
3ntdB_B_LEU_277,0
3ntdB_B_ALA_278,0
3ntdB_B_ILE_279,0
3ntdB_B_GLY_280,0
3ntdB_B_GLU_281,0
3ntdB_B_LEU_282,0
3ntdB_B_GLY_283,0
3ntdB_B_GLY_284,0
3ntdB_B_ILE_285,0
3ntdB_B_LYS_286,0
3ntdB_B_VAL_287,0
3ntdB_B_ASN_288,0
3ntdB_B_ALA_289,0
3ntdB_B_MET_290,0
3ntdB_B_MET_291,0
3ntdB_B_GLN_292,0
3ntdB_B_THR_293,0
3ntdB_B_SER_294,0
3ntdB_B_ASP_295,0
3ntdB_B_PRO_296,0
3ntdB_B_ALA_297,0
3ntdB_B_ILE_298,0
3ntdB_B_TYR_299,0
3ntdB_B_ALA_300,1
3ntdB_B_VAL_301,0
3ntdB_B_GLY_302,0
3ntdB_B_ASP_303,1
3ntdB_B_ALA_304,0
3ntdB_B_VAL_305,0
3ntdB_B_GLU_306,0
3ntdB_B_GLU_307,0
3ntdB_B_GLN_308,0
3ntdB_B_ASP_309,0
3ntdB_B_PHE_310,0
3ntdB_B_VAL_311,0
3ntdB_B_THR_312,0
3ntdB_B_GLY_313,0
3ntdB_B_GLN_314,0
3ntdB_B_ALA_315,0
3ntdB_B_CYS_316,0
3ntdB_B_LEU_317,0
3ntdB_B_VAL_318,0
3ntdB_B_PRO_319,0
3ntdB_B_LEU_320,1
3ntdB_B_ALA_321,1
3ntdB_B_GLY_322,0
3ntdB_B_PRO_323,0
3ntdB_B_ALA_324,0
3ntdB_B_ASN_325,1
3ntdB_B_ARG_326,0
3ntdB_B_GLN_327,0
3ntdB_B_GLY_328,0
3ntdB_B_ARG_329,1
3ntdB_B_MET_330,0
3ntdB_B_ALA_331,0
3ntdB_B_ALA_332,0
3ntdB_B_ASP_333,0
3ntdB_B_ASN_334,0
3ntdB_B_MET_335,0
3ntdB_B_PHE_336,0
3ntdB_B_GLY_337,0
3ntdB_B_ARG_338,0
3ntdB_B_GLU_339,0
3ntdB_B_GLU_340,0
3ntdB_B_ARG_341,0
3ntdB_B_TYR_342,0
3ntdB_B_GLN_343,0
3ntdB_B_GLY_344,0
3ntdB_B_THR_345,0
3ntdB_B_GLN_346,0
3ntdB_B_GLY_347,0
3ntdB_B_THR_348,1
3ntdB_B_ALA_349,0
3ntdB_B_ILE_350,0
3ntdB_B_CYS_351,0
3ntdB_B_LYS_352,0
3ntdB_B_VAL_353,0
3ntdB_B_PHE_354,0
3ntdB_B_ASP_355,0
3ntdB_B_LEU_356,0
3ntdB_B_ALA_357,0
3ntdB_B_VAL_358,0
3ntdB_B_GLY_359,1
3ntdB_B_ALA_360,0
3ntdB_B_THR_361,1
3ntdB_B_GLY_362,0
3ntdB_B_LYS_363,0
3ntdB_B_ASN_364,0
3ntdB_B_GLU_365,0
3ntdB_B_LYS_366,0
3ntdB_B_GLN_367,0
3ntdB_B_LEU_368,0
3ntdB_B_LYS_369,0
3ntdB_B_GLN_370,0
3ntdB_B_ALA_371,0
3ntdB_B_GLY_372,0
3ntdB_B_ILE_373,0
3ntdB_B_ALA_374,0
3ntdB_B_PHE_375,0
3ntdB_B_GLU_376,0
3ntdB_B_LYS_377,0
3ntdB_B_VAL_378,0
3ntdB_B_TYR_379,0
3ntdB_B_VAL_380,0
3ntdB_B_HIS_381,0
3ntdB_B_THR_382,0
3ntdB_B_ALA_383,0
3ntdB_B_SER_384,0
3ntdB_B_HIS_385,0
3ntdB_B_ALA_386,0
3ntdB_B_SER_387,0
3ntdB_B_TYR_388,0
3ntdB_B_TYR_389,0
3ntdB_B_PRO_390,0
3ntdB_B_GLY_391,0
3ntdB_B_ALA_392,0
3ntdB_B_GLU_393,0
3ntdB_B_VAL_394,0
3ntdB_B_VAL_395,0
3ntdB_B_SER_396,0
3ntdB_B_PHE_397,0
3ntdB_B_LYS_398,0
3ntdB_B_LEU_399,0
3ntdB_B_LEU_400,0
3ntdB_B_PHE_401,0
3ntdB_B_ASP_402,0
3ntdB_B_PRO_403,0
3ntdB_B_VAL_404,0
3ntdB_B_LYS_405,0
3ntdB_B_GLY_406,0
3ntdB_B_THR_407,0
3ntdB_B_ILE_408,0
3ntdB_B_PHE_409,0
3ntdB_B_GLY_410,0
3ntdB_B_ALA_411,1
3ntdB_B_GLN_412,0
3ntdB_B_ALA_413,1
3ntdB_B_VAL_414,0
3ntdB_B_GLY_415,0
3ntdB_B_LYS_416,0
3ntdB_B_ASP_417,0
3ntdB_B_GLY_418,0
3ntdB_B_ILE_419,0
3ntdB_B_ASP_420,0
3ntdB_B_LYS_421,0
3ntdB_B_ARG_422,0
3ntdB_B_ILE_423,0
3ntdB_B_ASP_424,0
3ntdB_B_VAL_425,0
3ntdB_B_MET_426,0
3ntdB_B_ALA_427,0
3ntdB_B_VAL_428,0
3ntdB_B_ALA_429,0
3ntdB_B_GLN_430,0
3ntdB_B_ARG_431,0
3ntdB_B_ALA_432,0
3ntdB_B_GLY_433,0
3ntdB_B_MET_434,0
3ntdB_B_THR_435,0
3ntdB_B_VAL_436,0
3ntdB_B_GLU_437,0
3ntdB_B_GLN_438,0
3ntdB_B_LEU_439,0
3ntdB_B_GLN_440,0
3ntdB_B_HIS_441,0
3ntdB_B_LEU_442,0
3ntdB_B_GLU_443,0
3ntdB_B_LEU_444,0
3ntdB_B_SER_445,0
3ntdB_B_TYR_446,1
3ntdB_B_ALA_447,1
3ntdB_B_PRO_448,0
3ntdB_B_PRO_449,0
3ntdB_B_TYR_450,0
3ntdB_B_GLY_451,0
3ntdB_B_SER_452,0
3ntdB_B_ALA_453,0
3ntdB_B_LYS_454,0
3ntdB_B_ASP_455,0
3ntdB_B_VAL_456,0
3ntdB_B_ILE_457,0
3ntdB_B_ASN_458,0
3ntdB_B_GLN_459,0
3ntdB_B_ALA_460,0
3ntdB_B_ALA_461,0
3ntdB_B_PHE_462,0
3ntdB_B_VAL_463,0
3ntdB_B_ALA_464,0
3ntdB_B_SER_465,0
3ntdB_B_ASN_466,0
3ntdB_B_ILE_467,0
3ntdB_B_ILE_468,0
3ntdB_B_LYS_469,0
3ntdB_B_GLY_470,0
3ntdB_B_ASP_471,0
3ntdB_B_ALA_472,0
3ntdB_B_THR_473,0
3ntdB_B_PRO_474,0
3ntdB_B_ILE_475,0
3ntdB_B_HIS_476,0
3ntdB_B_PHE_477,0
3ntdB_B_ASP_478,0
3ntdB_B_GLN_479,0
3ntdB_B_ILE_480,0
3ntdB_B_ASP_481,0
3ntdB_B_ASN_482,0
3ntdB_B_LEU_483,0
3ntdB_B_SER_484,0
3ntdB_B_GLU_485,0
3ntdB_B_ASP_486,0
3ntdB_B_GLN_487,0
3ntdB_B_LEU_488,0
3ntdB_B_LEU_489,0
3ntdB_B_LEU_490,0
3ntdB_B_ASP_491,0
3ntdB_B_VAL_492,0
3ntdB_B_ARG_493,0
3ntdB_B_ASN_494,0
3ntdB_B_PRO_495,0
3ntdB_B_GLY_496,0
3ntdB_B_GLU_497,0
3ntdB_B_LEU_498,0
3ntdB_B_GLN_499,0
3ntdB_B_ASN_500,0
3ntdB_B_GLY_501,0
3ntdB_B_GLY_502,0
3ntdB_B_LEU_503,0
3ntdB_B_GLU_504,0
3ntdB_B_GLY_505,0
3ntdB_B_ALA_506,0
3ntdB_B_VAL_507,0
3ntdB_B_ASN_508,0
3ntdB_B_ILE_509,0
3ntdB_B_PRO_510,0
3ntdB_B_VAL_511,0
3ntdB_B_ASP_512,0
3ntdB_B_GLU_513,0
3ntdB_B_LEU_514,0
3ntdB_B_ARG_515,0
3ntdB_B_ASP_516,0
3ntdB_B_ARG_517,0
3ntdB_B_MET_518,0
3ntdB_B_HIS_519,0
3ntdB_B_GLU_520,0
3ntdB_B_LEU_521,0
3ntdB_B_PRO_522,0
3ntdB_B_LYS_523,0
3ntdB_B_ASP_524,0
3ntdB_B_LYS_525,0
3ntdB_B_GLU_526,0
3ntdB_B_ILE_527,0
3ntdB_B_ILE_528,0
3ntdB_B_ILE_529,0
3ntdB_B_PHE_530,0
3ntdB_B_SER_531,0
3ntdB_B_GLN_532,0
3ntdB_B_VAL_533,1
3ntdB_B_GLY_534,1
3ntdB_B_LEU_535,0
3ntdB_B_ARG_536,0
3ntdB_B_GLY_537,0
3ntdB_B_ASN_538,0
3ntdB_B_VAL_539,0
3ntdB_B_ALA_540,0
3ntdB_B_TYR_541,0
3ntdB_B_ARG_542,0
3ntdB_B_GLN_543,0
3ntdB_B_LEU_544,0
3ntdB_B_VAL_545,0
3ntdB_B_ASN_546,0
3ntdB_B_ASN_547,0
3ntdB_B_GLY_548,0
3ntdB_B_TYR_549,0
3ntdB_B_ARG_550,0
3ntdB_B_ALA_551,0
3ntdB_B_ARG_552,0
3ntdB_B_ASN_553,0
3ntdB_B_LEU_554,0
3ntdB_B_ILE_555,0
3ntdB_B_GLY_556,0
3ntdB_B_GLY_557,1
3ntdB_B_TYR_558,0
3ntdB_B_ARG_559,0
3ntdB_B_THR_560,0
3ntdB_B_TYR_561,0
3ntdB_B_LYS_562,0
3ntdB_B_PHE_563,0
3ntdB_B_ALA_564,0
3ntdB_B_SER_565,0
